-136
-24
-8
8
7
8
9
9
-7
-8
-23
7
-7
-54
-10
54
-24
-9
8
24
24
-54
-54
-42
-54
-54
-54
-54
-24
22
7
23
23
-24
54
-8
24
-24
54
-8
8
24
8
24
24
-54
-24
24
24
-54
-54
-54
-24
54
-24
-8
24
-54
-26
23
24
-38
30
-38
-32
-16
54
0
-8
24
-54
-24
24
8
24
8
24
24
-24
54
-24
-24
-8
8
24
8
24
8
54
-7
8
24
-5
11
11
-54
-24
54
-8
24
-54
-24
24
24
-54
-24
54
-8
7
23
9
24
8
22
8
24
6
54
-8
8
42
-36
-20
-4
54
-8
8
24
8
24
8
54
-24
-8
8
54
-8
8
24
24
-24
54
-24
-8
24
-54
-54
-24
54
-24
-24
-8
24
-54
-54
-42
-54
-24
54
-8
8
23
24
-54
-54
-23
24
24
-24
54
-8
24
-54
-55
-25
24
24
-25
24
24
-24
24
8
24
24
-23
56
-7
7
54
-8
8
54
-2
-2
-38
-44
-28
54
-8
8
22
28
-24
54
-24
-8
26
-24
24
8
24
8
54
-8
8
24
8
54
-24
-8
14
-54
-54
-24
54
-8
8
54
-24
-8
8
54
-9
9
25
6
54
-25
-8
8
24
8
24
24
-54
-54
-54
-24
24
24
-54
-30
-54
-54
-54
-54
-54
-24
54
-24
-24
-8
24
-54
-24
24
8
54
-24
-23
-8
9
24
8
24
24
-54
-54
-54
-24
54
-8
8
54
-8
14
-30
-54
-24
23
8
54
-24
-24
-23
-8
24
-24
54
-8
8
24
24
-24
54
-24
-24
-8
24
-24
25
8
24
9
21
23
-54
-24
54
-24
-8
24
-24
54
-24
-24
-24
-22
-5
10
26
26
-52
-22
24
6
54
-8
8
54
-9
8
54
-24
-24
-8
26
-54
-23
23
9
38
8
54
-44
-28
54
12
-24
-24
-28
-12
24
-20
54
-8
8
24
8
54
-24
-24
-8
8
54
-24
-24
-24
-8
8
54
-24
-8
8
24
32
24
8
24
8
24
24
-54
-54
-54
-24
24
24
-54
-54
-54
-54
-54
-53
-54
-24
54
-24
-8
24
-24
54
-24
-8
8
54
-8
14
-14
53
-32
-15
54
-8
23
-24
54
-24
-10
24
-24
24
8
24
8
54
-24
-8
8
24
8
42
-8
24
-24
54
-12
-24
-8
8
24
24
-54
-53
-52
-54
-54
-54
-22
24
8
24
8
24
24
-54
-54
-54
-55
-56
-54
-54
-54
-26
54
-24
-8
8
54
-8
8
54
-8
8
54
-24
-8
24
-24
24
8
54
-8
8
24
8
24
7
23
9
54
-8
8
54
-24
-24
-8
24
-54
-54
-54
-54
-54
-54
-54
