-16
0
0
16
-16
1
1
1
32
-16
-1
-15
-1
-46
46
-16
0
0
-17
16
15
-46
-34
-46
-46
-46
-46
-46
46
16
-16
15
15
46
-17
0
16
46
-16
0
-16
16
-16
16
16
-46
46
16
16
-46
-46
-46
46
-16
0
-2
16
-46
46
16
15
22
-30
-24
-24
-30
8
0
0
16
-46
46
16
-16
16
-16
16
16
46
-16
0
0
0
-16
16
-16
16
-16
-16
0
-15
16
-29
3
3
-46
46
-16
0
16
-46
46
16
16
-46
46
-16
0
-16
15
-15
16
-16
16
-16
16
-16
-16
0
-18
-28
-12
-12
-28
-4
0
-16
16
-16
16
-16
-16
0
0
-16
-16
0
-16
16
16
46
-16
0
0
16
-46
-46
46
-16
0
0
0
16
-46
-34
-46
-46
46
-16
0
-4
16
15
-46
-46
46
16
16
46
-16
0
16
-46
-46
46
16
15
46
16
16
46
16
-16
16
16
48
-15
-1
-15
-17
0
-18
-16
0
0
-36
-36
-30
20
0
-16
20
16
46
-16
0
0
18
46
16
-16
16
-16
-16
0
-16
16
-16
-16
0
0
6
-46
-46
46
8
0
-16
-16
0
0
-16
-16
0
-17
17
-16
-17
0
0
-16
16
-16
16
16
-46
-46
-46
46
16
16
-22
-46
-46
-46
-46
-46
-46
46
-16
0
0
0
16
-46
46
16
-16
-16
0
0
1
-15
16
-16
16
16
-46
-46
-46
46
-16
0
-16
-16
0
6
-46
-46
46
16
-15
-16
0
0
0
0
16
46
-16
0
-16
16
16
46
-16
0
0
0
16
46
16
-15
16
-17
15
15
-46
46
-16
0
0
16
46
-16
0
0
0
2
2
-13
18
19
-46
46
16
-18
-14
0
-16
-16
0
-17
-16
-2
0
0
18
-46
46
15
-15
-6
6
-16
-36
-30
20
0
0
0
-4
-4
20
46
-16
0
-16
16
-16
-16
0
0
0
-16
-16
0
0
0
0
-16
-16
0
0
-6
16
-16
16
-16
16
-16
16
16
-46
-46
-46
46
16
16
-46
-46
-46
-46
-46
-46
-46
46
-16
0
0
16
46
-16
0
0
-16
-16
0
6
46
-16
-23
-30
8
0
15
46
-16
-2
0
16
46
16
-16
16
-16
-16
0
0
-16
16
-16
-28
12
16
46
-4
0
0
0
-16
16
16
-46
-44
-46
-46
-46
-46
46
16
-16
16
-16
16
16
-46
-46
-46
-48
-46
-46
-46
-46
46
-16
0
0
-16
-16
0
-16
-16
0
-16
-16
0
0
16
46
16
-16
-16
0
-16
16
-16
16
-16
15
-15
-16
0
-15
-16
0
0
0
16
-46
-46
-46
-46
-46
-46
-46
