-128
-128
-24
-8
-24
-22
8
9
9
-7
-8
-23
7
-40
6
-10
54
6
-9
8
24
-54
-54
-54
-42
-54
-54
-54
-8
8
-8
7
23
-8
-24
8
24
-8
-24
8
-8
8
-8
8
24
-54
-8
8
24
-54
-54
-54
-8
-24
54
8
24
-54
-8
8
23
-31
-38
30
-16
-32
-24
54
8
24
-54
-8
8
-8
8
-8
8
24
-8
-24
54
54
8
-8
8
-8
8
-8
-24
8
-7
8
-21
-5
11
-54
-8
-24
8
24
-54
-8
8
24
-54
-8
-24
8
-8
7
-8
9
-7
8
-8
8
-8
-24
8
-8
-36
42
-4
-20
-24
8
-8
8
-8
8
-8
-24
54
8
-8
-24
8
-8
8
24
-8
-24
54
8
24
-54
-54
-8
-24
54
54
8
24
-54
-54
-54
-42
4
-24
8
-8
8
23
-54
-54
-8
8
24
-8
-24
8
24
-54
-54
-8
8
24
-8
8
24
-8
8
-8
8
24
-6
-23
9
-7
-24
8
-8
-24
54
54
18
-28
-44
-24
8
-8
8
22
-4
-24
54
8
26
-8
8
-8
8
-8
-24
8
-8
8
-8
-24
54
32
38
-30
-54
-8
-24
8
-8
-24
54
8
-8
-24
6
-9
9
-7
-24
54
8
-8
8
-8
8
24
-54
-54
-54
-8
8
24
-54
-54
-30
-54
-54
-54
-54
-8
-24
54
54
8
24
-54
-8
8
-8
-24
54
54
8
-8
9
-7
8
24
-54
-54
-54
-8
-24
8
-8
-24
8
14
-54
-30
16
32
17
1
54
54
54
8
24
-8
-24
8
-8
8
24
-8
-24
54
54
8
24
-8
8
-7
8
-9
9
21
-56
-10
-24
54
8
24
-8
-24
54
54
54
56
12
-5
10
26
-54
-8
8
-10
-24
8
-8
-24
6
-9
-25
54
54
8
26
-54
-8
7
-8
-13
14
-2
-28
-44
-24
54
54
54
50
4
24
-8
-20
8
-8
8
-8
-24
54
54
8
-8
-24
54
54
54
8
-8
-24
54
32
2
8
-8
32
16
8
-8
8
24
-54
-54
-54
-8
8
24
-54
-54
-54
-54
-54
-54
-53
-7
-24
54
8
24
-8
-24
54
8
-8
-24
8
14
-8
-14
-16
-32
-24
8
23
-8
-24
54
8
24
-8
8
-8
8
-8
-24
54
8
-8
8
-8
-36
8
24
-8
-24
54
54
8
-8
8
24
-54
-54
-53
-52
-54
-54
-8
8
-8
8
-8
8
24
-54
-54
-54
-54
-55
-56
-54
-54
-8
-26
54
8
-8
-24
8
-8
-24
8
-8
-24
54
8
24
-8
8
-8
-24
8
-8
8
-8
8
-8
7
-8
-24
8
-8
-24
54
54
8
24
-54
-54
-54
-54
-54
-54
-54
