-136
-128
0
16
-1
16
16
-14
0
-30
31
-1
1
-48
-18
0
-2
-1
62
14
32
-64
-62
-62
-62
-62
-50
-62
-20
16
61
14
31
-32
0
0
32
-32
0
0
62
16
62
16
32
-62
-32
16
32
-62
-62
-62
-32
0
-16
0
32
-64
-32
15
31
-46
-24
-39
-24
38
0
-16
0
32
-62
-32
16
62
16
62
16
32
-32
0
-16
-16
0
62
16
62
16
62
0
13
62
16
49
3
19
-62
-32
0
0
32
-62
-32
16
32
-62
-32
0
0
61
16
62
16
62
16
62
14
62
0
0
62
-12
-28
-12
50
0
0
62
16
62
16
62
0
-16
0
62
0
0
62
16
32
-32
0
-16
0
32
-62
-62
-32
0
-16
-16
0
32
-62
-62
-62
-62
-32
0
0
62
15
31
-62
-61
-32
16
32
-32
0
0
32
-62
-63
-33
16
32
-32
16
32
-32
16
62
16
32
-31
2
1
63
0
0
62
0
6
6
-52
-36
26
0
0
62
16
32
-32
-2
-12
0
34
-32
16
62
16
62
0
0
62
16
62
0
-16
0
22
-62
-62
-22
0
0
62
0
-16
0
62
0
-1
63
14
63
0
-19
0
62
16
62
16
32
-62
-62
-62
-32
16
32
-62
-62
-62
-62
-38
-62
-62
-32
0
-16
-16
0
32
-62
-32
16
62
0
-16
-15
0
62
16
62
16
32
-62
-62
-62
-32
0
0
62
0
0
46
-62
-62
-32
15
62
1
-16
-15
-16
0
32
-32
0
0
62
16
32
-32
0
-16
-16
0
32
-32
15
62
18
61
15
31
-62
-32
0
-18
0
32
-32
0
-16
-16
-16
-14
3
64
20
36
-60
-31
16
60
0
0
62
0
-1
62
-1
-16
-17
0
34
-62
-31
16
62
-6
62
0
-36
26
0
-16
-16
-16
-20
-4
32
-32
0
0
62
16
62
0
-16
-16
0
62
0
-16
-16
-16
0
62
0
-16
0
62
40
62
16
62
16
62
16
32
-62
-62
-62
-32
16
32
-62
-62
-62
-62
-62
-61
-62
-31
0
-15
0
32
-32
0
-16
0
62
0
0
46
-22
-1
-24
38
0
0
29
-32
0
-16
0
32
-34
16
62
16
62
0
-16
0
62
16
62
-12
0
32
-32
0
-16
-16
0
62
16
32
-62
-61
-62
-62
-61
-60
-31
16
62
16
62
16
32
-62
-62
-62
-63
-62
-62
-63
-64
-33
0
-16
0
62
0
0
62
0
0
62
0
-16
0
32
-32
16
62
0
0
62
16
62
16
61
16
62
0
0
62
0
-16
-16
0
32
-62
-62
-62
-62
-62
-62
-62
