-128
-128
-24
8
-8
8
-22
8
9
-23
-9
-8
-23
-54
-8
6
8
54
6
-9
8
-54
-54
-54
-54
-42
-54
-54
-8
-8
6
-8
7
-8
-8
54
8
-8
-8
54
8
-8
8
-8
8
-54
-8
-8
8
-54
-54
-54
-8
-8
8
54
8
-54
-8
-10
8
-32
-31
-16
30
-16
-8
8
54
8
-54
-8
-8
8
-8
8
-8
8
-8
-8
8
8
54
8
-8
8
-8
8
-8
54
8
-7
-5
-21
-5
-54
-8
-8
54
8
-54
-8
-8
8
-54
-8
-8
54
8
-8
8
-8
8
-7
6
-8
8
-10
54
8
-20
-4
42
-4
-8
54
8
-8
8
-8
8
-8
8
54
8
-8
54
8
-8
8
-8
-8
8
54
8
-54
-54
-8
-8
8
8
54
8
-54
-54
-54
-54
-8
4
54
8
-8
8
-53
-54
-8
-7
8
-8
-8
54
8
-54
-54
-9
-9
8
-8
-9
8
-8
-8
8
-8
8
-6
-6
55
9
-10
54
8
-8
44
8
-28
18
-28
-8
54
8
-8
8
-10
-4
8
54
10
-8
-8
8
-8
8
-8
54
8
-8
8
-8
8
54
8
-54
-30
-8
-8
54
8
-8
8
54
8
-8
54
6
-9
9
-11
8
54
8
-8
8
-8
8
-54
-54
-54
-8
-8
8
-54
-54
-54
-30
-54
-54
-54
-8
-8
8
8
54
8
-54
-8
-8
8
-8
8
8
54
8
-8
8
-7
8
-54
-54
-54
-8
-8
54
8
-8
54
8
-54
-54
-8
0
8
-8
8
8
8
54
8
-8
-8
54
8
-8
8
-8
-8
8
8
54
8
-8
-8
10
-7
7
-9
9
-54
-8
-10
8
54
8
-8
-8
8
6
8
10
56
12
-5
10
-54
-6
-6
6
-8
54
8
-8
54
6
-8
8
8
54
10
-54
-8
-8
8
-7
44
-8
18
-28
-8
8
12
8
4
50
8
-8
-8
54
8
-8
8
-8
8
8
54
8
-8
8
8
8
54
8
-8
8
54
32
2
8
2
8
16
8
-8
8
-54
-54
-54
-8
-8
8
-54
-54
-54
-54
-54
-54
-54
-8
-7
8
54
8
-8
-8
8
54
8
-8
54
8
-8
-8
30
-16
-7
54
7
-8
-8
8
54
6
-8
-8
8
-8
8
-8
8
54
8
-8
8
-20
54
8
-8
-8
8
8
54
8
-8
8
-54
-54
-54
-53
-52
-54
-8
-6
8
-8
8
-8
8
-54
-54
-54
-54
-54
-55
-56
-54
-8
-8
8
54
8
-8
54
8
-8
54
8
-8
8
54
8
-8
-8
8
-8
54
8
-8
8
-8
8
-8
8
-7
54
8
-8
8
8
54
8
-54
-54
-54
-54
-54
-54
-54
