-136
-8
8
8
7
-7
24
24
-22
24
-9
39
7
-56
-8
8
-8
-11
7
70
22
-71
-72
-70
-70
-70
-70
-58
-8
70
7
69
22
-8
8
-25
24
-8
8
-24
8
70
8
70
24
-70
-8
70
24
-70
-70
-70
-8
6
-8
-24
22
-70
-8
69
23
-32
-16
-32
-47
-16
8
-8
-24
24
-70
-8
70
8
70
8
70
24
-8
8
-8
-8
-24
8
70
8
70
8
20
-23
21
70
-5
57
11
-70
-8
8
-24
24
-70
-8
70
24
-70
-8
8
-24
7
69
8
70
8
70
8
70
8
8
-24
8
-4
-20
-36
-4
8
-12
8
70
8
70
8
8
-8
-24
8
8
-24
8
70
24
-8
8
-8
-24
24
-70
-70
-8
8
-8
-8
-24
24
-70
-70
-70
-70
-8
8
-24
8
69
23
-70
-70
-8
70
24
-8
8
-24
24
-70
-71
-8
70
24
-8
70
24
-8
70
8
70
24
-7
10
-24
9
8
-25
8
8
-8
-8
-44
-60
-28
8
12
8
70
24
-8
8
-10
-20
26
-8
70
8
70
8
8
-24
8
70
8
8
-8
-14
14
-70
-70
-8
8
0
8
8
-8
-24
8
8
-25
8
71
9
8
-8
-27
8
70
8
70
24
-70
-70
-70
-8
70
24
-60
-60
-70
-70
-70
-46
-70
-8
8
-8
-8
-24
24
-70
-8
70
8
8
-8
-7
-23
8
70
8
70
24
-70
-70
-70
-8
8
-24
8
8
-24
14
-60
-70
-8
69
9
8
-7
-8
-8
-24
24
-8
8
-24
8
70
24
-8
8
-8
-8
-24
24
-8
69
9
70
7
69
23
-70
-8
8
-8
-26
24
-8
8
-8
-8
-8
-6
-21
11
72
28
-69
-8
70
6
8
-22
8
8
-25
7
8
-9
-10
-25
26
-70
-7
69
8
48
8
8
-60
-28
8
-8
-8
-8
-12
-28
24
-8
8
-24
8
70
8
8
-8
-8
-24
8
8
-8
-8
-8
-24
8
8
-8
-14
8
70
8
70
8
70
8
70
24
-70
-70
-70
-8
70
24
-70
-70
-70
-70
-70
-69
-69
-8
8
-8
-23
24
-8
8
-8
-24
8
8
-24
14
16
7
-47
-16
8
0
23
-10
8
-8
-24
24
-8
70
8
70
8
8
-8
-24
8
70
8
-4
-24
36
-8
8
-8
-8
-24
8
70
24
-70
-69
-69
-70
-70
-69
-8
70
8
70
8
70
24
-70
-70
-70
-71
-71
-70
-70
-71
-8
8
-8
-24
8
8
-24
8
8
-24
8
8
-8
-24
24
-8
70
8
8
-24
8
70
8
70
7
69
8
8
-24
8
8
-8
-8
-24
24
-70
-70
-70
-70
-70
-70
-70
