-136
-120
-16
16
-1
1
1
32
16
1
-15
-1
47
-78
-16
0
0
-17
16
15
78
-78
-79
-80
-78
-78
-78
-78
-16
16
15
15
77
-17
0
-16
78
-16
0
-16
16
16
16
16
78
-78
-16
16
78
-78
-78
-78
-16
0
-2
-16
78
-78
-16
15
77
-40
-24
-24
-40
-8
0
0
-16
78
-78
-16
16
16
16
16
16
78
-16
0
0
0
-16
16
16
16
16
16
0
-15
16
29
3
3
65
-78
-16
0
-16
78
-78
-16
16
78
-78
-16
0
-16
15
15
16
16
16
16
16
16
16
0
-18
28
-12
-12
-28
4
0
-16
16
16
16
16
16
0
0
-16
16
0
-16
16
16
78
-16
0
0
-16
78
-78
-78
-16
0
0
0
-16
78
-78
-78
-78
-78
-16
0
-4
16
15
77
-77
-78
-16
16
78
-16
0
-16
78
-78
-79
-16
15
78
-16
16
78
-16
16
16
16
78
-15
1
-15
17
0
-18
16
0
0
36
-36
-52
-20
0
-16
20
16
78
-16
0
0
-18
80
-16
16
16
16
16
0
-16
16
16
16
0
0
-6
68
-68
-78
8
0
-16
16
0
0
-16
16
0
-17
17
16
17
0
0
-16
16
16
16
16
78
-78
-78
-78
-16
16
78
-68
-68
-68
-78
-68
-78
-54
-16
0
0
0
-16
78
-78
-16
16
16
0
0
1
-15
16
16
16
16
78
-78
-78
-78
-16
0
-16
16
0
-16
68
-68
-68
-16
15
16
0
0
0
0
-16
78
-16
0
-16
16
16
78
-16
0
0
0
-16
78
-16
15
16
17
15
15
77
-76
-16
0
0
-16
78
-16
0
0
0
-2
2
-13
18
19
80
-78
-16
18
14
0
-16
16
0
-17
16
-2
0
0
-18
80
-78
-15
15
16
-6
16
36
-52
-20
0
0
0
4
-4
-20
78
-16
0
-16
16
16
16
0
0
0
-16
16
0
0
0
0
-16
16
0
0
-6
16
16
16
16
16
16
16
16
78
-78
-78
-78
-16
16
78
-78
-78
-78
-78
-78
-77
-77
-16
0
0
-16
78
-16
0
0
-16
16
0
-16
68
-16
23
-39
-8
0
-15
77
-16
-2
0
-16
78
-16
16
16
16
16
0
0
-16
16
16
28
-12
-16
78
-4
0
0
0
-16
16
16
78
-78
-77
-77
-77
-78
-78
-16
16
16
16
16
16
78
-78
-78
-78
-79
-79
-79
-78
-78
-16
0
0
-16
16
0
-16
16
0
-16
16
0
0
-16
78
-16
16
16
0
-16
16
16
16
16
15
15
16
0
-15
16
0
0
0
-16
78
-78
-78
-78
-78
-78
-78
-78
