-65
-65
-65
-65
-65
-65
65
65
-65
65
-65
64
-65
65
65
65
-65
65
-64
65
-65
-64
64
64
65
65
-65
65
-65
-65
65
-65
65
65
-65
65
65
-65
-65
-65
-65
65
-65
-65
-65
-65
-66
-65
-65
65
-65
-65
65
-65
64
64
65
-65
-64
-64
-64
-64
64
-65
-65
-64
-64
56
-63
-65
-65
65
65
65
65
-65
-65
-65
-65
65
65
-56
65
65
-65
65
-65
-65
-65
-64
47
65
57
-57
57
-57
-57
65
58
57
-57
-57
-57
-65
-47
64
-65
-65
-64
64
-65
-65
-64
-65
-65
-64
64
-64
65
65
-65
-65
65
-65
-65
47
-65
57
-57
57
-57
-57
-65
-57
57
-57
-58
57
65
-47
65
-65
-65
65
-65
65
65
-65
-65
62
-65
-65
65
-65
65
65
38
-65
48
-48
48
48
47
-64
48
48
48
47
48
-65
37
-64
64
-65
66
65
-63
61
65
63
64
65
65
-64
-64
-64
-64
64
65
65
-63
-64
-64
64
-65
-65
-65
63
64
-65
-65
64
-64
64
64
-64
65
-65
64
-64
-64
-63
-65
-65
-65
65
-65
-65
65
-64
65
65
-46
64
58
58
57
-57
57
64
58
57
-57
58
-57
65
-47
-65
65
-64
-65
65
-64
-64
-64
65
-64
65
65
65
64
64
65
-65
65
-65
-65
47
-65
-58
-57
-57
-57
-57
65
-57
57
57
-58
-57
65
-47
-65
65
-65
-65
-65
-65
65
65
-65
-65
66
65
-65
-65
-65
65
-47
65
-57
57
-57
57
57
-65
-57
57
57
-58
-57
65
47
65
-65
65
65
-65
62
-65
-65
-65
-65
-65
-65
-38
65
48
-48
-48
48
48
-65
48
-48
48
48
-48
65
-38
-66
-65
-65
65
65
-65
-62
65
-65
-65
65
65
-65
65
65
65
-65
-65
-64
65
65
-64
64
-64
-56
-64
65
-65
64
-64
-64
-65
65
65
-65
65
-65
-65
56
-65
65
65
-65
-65
-65
-65
-65
-65
-65
65
65
-65
-65
-65
65
65
-65
65
-65
-56
65
65
-65
-65
-65
65
-65
65
65
65
-65
64
-65
56
-64
64
-64
-65
64
-65
65
65
-64
64
65
65
65
65
-65
65
56
-65
-65
64
-64
-64
65
64
65
-65
64
-64
-65
-65
56
-65
-65
-65
-65
-65
65
-65
65
65
65
65
65
-47
-65
57
-57
-57
-57
-57
-64
-57
58
58
57
57
-64
-47
-64
65
-65
-65
65
-65
65
65
65
-65
-65
65
-65
-65
65
-65
-65
65
65
-65
-64
-64
-64
65
56
65
-65
-64
-65
-64
-65
-65
65
-65
-65
-55
-66
-55
-54
65
41
-41
-30
41
30
-30
-41
-17
17
6
18
-41
-30
-18
