15
15
15
15
15
15
-15
-23
15
-15
15
-23
23
-15
-23
-23
23
-23
23
-23
23
23
-15
-23
-23
-23
15
-23
15
15
-23
23
-15
-23
23
-15
-23
23
15
15
23
-15
15
15
15
15
15
15
15
-15
23
23
-23
23
-23
-23
-15
15
15
15
15
15
-15
23
23
23
15
-15
15
23
15
-23
-15
-23
-17
23
23
15
15
-23
-23
23
-23
-23
15
-23
15
15
23
15
-24
-15
-23
23
-15
23
15
-11
-15
-23
23
15
15
23
15
-23
15
15
23
-15
15
16
15
15
15
15
-15
23
-23
-15
15
15
-15
23
23
-23
23
-23
23
-23
23
23
3
15
-23
23
15
-15
-15
15
-23
23
15
-15
15
-23
-23
23
23
-15
23
15
-23
15
-15
-15
-15
15
-23
23
-15
-23
-23
5
-23
-23
-16
-15
-23
15
-15
15
-23
23
-15
-23
23
-15
-23
-23
-23
-15
-15
22
23
23
15
-15
-15
-16
15
23
15
-23
15
15
23
-15
-15
23
24
-23
23
-23
-22
15
-23
15
-15
15
23
15
23
23
23
-15
23
15
-23
15
-15
-15
15
-23
-23
-23
-15
15
-15
-11
-15
-23
23
-15
23
-15
15
15
-15
23
23
-23
23
23
15
-16
15
-23
-23
-23
-15
-15
-23
15
-15
15
23
-15
15
15
15
15
15
15
-3
23
-23
-15
15
15
-15
23
23
-23
23
23
15
15
-23
-23
23
23
-15
-23
23
15
15
-23
23
-15
23
-15
15
-15
-23
3
15
-23
-23
23
23
-15
-23
-23
23
-23
-23
15
-23
15
15
23
15
23
24
23
-15
-23
23
15
-15
-15
-3
-23
23
-15
-23
23
-15
23
15
23
23
-23
-23
15
23
-23
15
23
-23
-15
14
-15
-23
-15
23
15
23
-23
-15
15
-15
23
23
23
-15
23
-15
15
15
9
-15
-23
15
-15
15
23
-15
15
-15
-23
15
15
23
15
23
23
23
-15
-23
23
15
15
-23
-23
23
-23
23
23
-15
-23
23
15
15
-23
17
-15
-23
-23
23
-23
24
-23
23
-23
23
23
-15
23
-15
-15
23
-23
-15
-15
-23
-15
23
-15
-15
23
23
-23
23
23
-16
-17
-23
23
-23
23
23
15
-15
15
23
15
23
23
-23
23
-23
-23
-15
-15
-23
15
15
-23
23
15
15
23
3
23
-23
-15
-15
-23
15
15
24
-15
15
15
-15
23
-23
-15
-15
23
23
-23
23
23
-15
23
15
-23
-15
23
15
23
23
-23
-24
-15
15
15
15
15
15
9
-15
23
23
23
15
15
23
-15
-15
23
23
-23
-23
15
23
23
-23
-23
0
-8
-8
0
