23
23
23
23
23
23
-23
-15
23
-23
23
-15
15
-23
-15
-15
15
-16
15
-15
15
15
-23
-15
-15
-15
23
-15
23
23
-15
15
-23
-15
15
-23
-15
15
23
23
15
-23
23
23
23
23
24
23
23
-23
15
15
-15
15
-15
-15
-23
23
23
23
23
22
-23
15
15
15
23
-23
23
15
23
-15
-23
-15
-9
15
15
23
23
-15
-15
15
-15
-15
23
-15
23
23
15
23
-16
-23
-15
15
-23
16
23
-3
-23
-15
15
23
23
15
23
-15
23
23
15
-23
23
23
23
23
23
23
-23
15
-15
-23
23
23
-23
15
15
-15
15
-15
15
-15
15
15
11
23
-15
15
23
-23
-23
23
-15
15
23
-23
23
-15
-15
15
15
-23
15
23
-15
23
-23
-23
-23
23
-15
15
-23
-15
-15
-3
-15
-15
-23
-23
-15
23
-23
23
-15
15
-24
-15
15
-23
-15
-15
-15
-23
-23
14
15
15
22
-23
-23
-24
23
15
23
-15
23
23
15
-23
-23
15
16
-15
15
-15
-15
23
-15
23
-23
23
15
23
15
15
15
-23
15
23
-15
23
-23
-23
23
-15
-15
-16
-23
23
-23
-3
-23
-15
15
-23
15
-23
23
23
-23
15
15
-15
15
15
23
-23
23
-15
-15
-15
-23
-23
-15
23
-23
23
15
-23
23
23
23
23
23
23
-11
15
-15
-23
23
23
-23
15
15
-15
15
15
23
23
-15
-15
15
14
-24
-15
15
23
23
-15
15
-23
15
-23
23
-23
-15
11
23
-15
-15
15
15
-23
-15
-15
15
-15
-15
23
-15
23
23
15
23
15
16
15
-23
-15
15
23
-23
-23
5
-15
15
-23
-15
15
-23
15
24
15
15
-15
-15
23
15
-15
23
15
-15
-23
23
-23
-15
-23
15
23
15
-15
-23
23
-23
15
16
15
-23
15
-23
23
23
17
-23
-15
23
-23
23
15
-23
23
-23
-15
23
23
15
23
15
15
15
-23
-15
15
23
23
-15
-15
15
-15
15
15
-23
-15
15
23
23
-15
9
-23
-15
-15
15
-15
16
-15
15
-15
15
16
-23
15
-23
-23
15
-15
-23
-23
-15
-23
15
-23
-23
15
15
-15
15
15
-23
-9
-15
15
-15
15
15
23
-23
23
15
23
15
15
-15
15
-15
-15
-23
-23
-15
23
23
-15
15
23
23
15
11
15
-16
-23
-23
-15
23
23
16
-23
23
23
-23
15
-15
-23
-23
15
15
-15
15
15
-23
15
23
-15
-23
15
23
15
15
-16
-16
-23
23
23
23
23
23
17
-23
15
15
15
24
23
15
-23
-23
15
15
-15
-15
23
15
15
-15
-16
-8
0
0
8
